71
102
240
82
118
125
152
94
93
249
99
48
134
186
53
81
138
58
248
120
58
128
178
30
73
137
158
182
72
133
123
161
61
98
69
241
83
82
248
159
145
130
147
91
79
249
128
225
250
201
170
36
225
239
248
81
250
47
97
217
198
56
62
169
147
35
210
208
152
132
241
65
67
234
69
166
25
167
98
101
129
69
205
64
207
209
160
249
244
185
141
18
214
82
236
213
85
173
126
138
57
163
171
105
81
230
109
248
147
88
170
104
2
147
151
83
91
45
227
166
185
242
27
97
168
187
240
245
124
233
214
186
197
171
231
101
195
133
215
236
124
158
230
149
228
249
245
170
250
250
206
104
221
189
215
250
123
189
248
246
194
125
188
158
84
149
82
225
150
82
193
211
58
104
55
209
238
87
225
140
230
96
247
247
158
97
150
152
86
125
68
232
130
249
189
180
249
145
84
194
141
122
22
89
25
191
156
77
163
163
225
246
174
96
31
97
86
205
91
151
91
97
123
102
193
87
188
79
250
187
239
38
51
176
66
249
242
159
98
222
90
45
136
89
247
57
129
182
213
150
250
242
88
225
182
160
152
246
145
189
124
187
148
131
112
56
160
106
193
18
243
137
157
53
31
167
96
55
151
163
108
195
238
50
152
236
244
159
59
89
38
168
17
229
144
112
72
43
113
221
138
52
235
48
141
168
209
102
214
126
210
212
193
195
199
167
244
42
136
171
51
28
137
176
248
183
25
61
93
167
244
65
83
47
119
197
97
90
116
82
64
160
250
244
147
115
243
35
148
107
206
99
184
202
201
250
250
229
212
161
244
116
233
219
249
161
161
184
173
111
165
111
239
215
20
80
102
171
213
120
229
91
241
65
172
213
93
160
199
250
199
229
221
179
149
112
203
247
78
219
124
211
250
18
246
123
41
179
11
158
215
65
241
126
141
182
176
92
250
224
249
246
51
224
249
100
110
236
33
229
184
246
166
79
19
197
64
58
50
19
181
250
96
250
63
109
119
209
249
231
109
76
138
199
77
55
139
139
102
78
84
103
163
111
19
214
34
94
63
181
212
89
71
153
42
158
87
241
249
234
107
38
110
100
129
240
244
226
71
220
119
185
173
161
175
11
43
192
121
107
148
250
131
118
233
222
102
236
120
234
127
201
209
250
245
64
202
246
116
248
167
242
166
177
112
249
84
167
163
249
248
37
242
199
192
205
243
246
99
43
93
186
207
108
141
196
75
246
240
240
234
249
53
129
226
141
230
48
128
10
173
101
131
234
248
93
92
175
149
179
241
200
206
200
109
122
125
135
245
75
72
73
140
76
106
18
250
150
249
224
215
112
237
246
244
246
20
205
73
248
127
227
148
99
161
158
235
225
104
218
249
134
250
169
131
189
123
128
244
250
250
174
216
141
62
185
91
136
93
240
201
58
73
43
43
146
247
192
143
140
167
1
1
1
1
0
1
1
1
88
155
170
161
233
193
111
243
91
248
213
175
31
250
79
89
198
44
244
99
189
200
181
195
160
113
168
47
78
171
118
57
210
131
144
95
101
100
117
241
165
134
28
249
190
134
136
40
249
238
88
138
210
125
132
162
125
161
141
41
228
152
249
247
230
194
132
150
90
239
214
247
98
135
200
209
153
97
214
66
125
149
43
189
188
78
92
173
215
189
163
86
180
151
